574 7 33 73
414 60 83 54
732 54 36 40
510 76 90 64
409 50 21 79
501 94 5 4
395 42 53 51
543 88 7 71
834 68 9 52
346 53 34 20
457 95 65 81
864 90 88 26
529 74 20 78
114 66 64 100
173 59 53 34
512 91 25 82
200 37 87 4
554 97 45 80
303 3 86 72
776 15 76 96
388 8 36 8
354 74 65 13
364 98 96 89
922 89 7 41
398 9 51 24
625 95 29 88
673 54 21 56
840 83 72 85
641 97 10 8
759 66 55 11
802 83 84 83
511 67 74 61
966 95 44 95
435 29 73 60
345 76 42 5
896 13 18 18
886 91 16 34
541 93 68 2
663 69 15 78
607 9 13 78
971 26 88 60
600 65 82 64
770 64 5 5
193 57 72 41
116 49 41 69
860 91 73 40
800 74 91 58
307 49 73 95
393 56 29 77
324 8 50 83
347 52 63 23
326 65 38 40
111 12 38 83
383 2 84 8
892 80 92 85
756 24 80 70
178 11 69 25
467 17 79 39
432 20 96 98
951 48 75 69
666 59 77 83
948 27 80 76
367 24 34 34
931 76 63 87
594 50 59 28
605 35 69 86
810 46 34 44
991 98 46 44
201 39 75 46
986 34 15 56
755 37 77 77
883 9 91 54
784 94 1 33
370 76 56 82
954 84 6 69
738 57 39 27
684 40 11 41
343 48 60 31
557 29 38 34
618 57 41 65
140 82 32 100
359 33 38 15
847 41 28 26
754 46 45 28
130 49 5 40
281 33 32 92
249 86 1 61
286 64 26 47
884 8 51 88
496 67 87 32
268 74 59 57
870 23 98 48
704 6 79 2
142 63 72 51
819 100 70 56
814 80 83 42
150 38 88 97
274 44 23 64
768 63 35 72
419 16 38 35
904 83 71 27
405 20 56 15
783 25 39 34
980 90 71 100
909 36 60 39
604 8 11 22
552 6 14 86
572 41 23 63
482 96 71 17
257 29 88 90
426 18 23 75
180 60 51 21
155 66 17 76
576 29 21 86
335 37 55 67
284 89 17 97
138 60 56 38
438 65 6 63
497 71 33 25
659 7 7 60
701 38 3 30
380 81 42 89
932 100 83 60
518 19 44 73
777 92 97 11
499 22 48 67
820 9 74 41
713 10 75 16
315 69 34 2
523 84 70 54
135 70 62 93
822 26 53 85
827 92 70 50
615 92 95 19
799 6 27 54
920 4 26 24
654 12 86 91
492 63 30 93
525 34 43 69
988 86 62 78
384 81 84 6
107 77 100 80
502 73 13 40
490 64 58 2
960 11 61 26
386 13 23 16
565 43 96 35
171 41 72 93
865 31 52 17
292 72 73 58
829 10 63 37
228 30 32 40
845 74 97 5
464 84 19 91
550 23 61 71
979 61 100 1
102 47 42 62
637 18 19 45
831 78 68 62
416 6 2 42
620 91 11 46
219 60 66 36
721 83 18 92
575 20 92 68
680 20 85 7
970 32 22 30
981 7 11 68
965 14 3 34
353 13 54 86
555 30 28 18
399 40 26 42
638 87 54 35
938 51 47 99
993 63 9 20
418 53 78 72
959 97 86 28
789 94 16 40
536 49 78 9
714 13 100 23
794 50 83 92
579 29 1 26
790 47 92 65
631 84 38 17
955 43 37 20
325 1 95 37
308 11 72 87
168 77 1 50
204 66 76 23
908 83 53 48
772 100 76 46
179 15 51 82
544 100 71 58
587 32 64 34
692 43 4 14
995 3 49 54
382 97 47 56
935 66 4 8
128 27 54 15
876 95 96 76
306 65 17 6
368 84 58 80
588 77 36 19
761 20 95 81
805 21 54 50
431 48 19 13
195 80 7 8
573 85 3 22
397 84 55 42
851 33 3 71
766 16 87 8
645 72 52 38
630 36 88 98
994 1 42 1
999 72 2 23
767 66 53 46
291 53 83 91
470 2 21 57
804 26 14 23
716 84 47 75
717 48 84 3
127 43 87 10
413 84 79 91
682 60 36 44
597 44 17 25
206 25 66 18
533 50 71 88
535 37 29 68
729 61 45 33
853 11 94 46
243 59 26 13
144 6 32 23
643 5 18 95
745 73 61 98
205 91 19 78
400 65 8 18
327 8 38 70
551 14 24 65
182 13 81 8
879 16 35 53
580 37 55 87
213 47 58 3
859 100 78 39
570 62 93 89
691 49 100 11
124 80 11 45
773 15 17 7
264 58 89 63
188 47 97 61
905 32 16 3
485 52 74 76
693 4 18 25
782 2 28 64
676 34 16 99
437 17 53 77
816 96 25 65
917 87 57 34
316 24 74 82
602 35 99 79
526 17 59 16
724 85 12 49
992 96 92 4
162 71 82 81
222 86 20 42
181 39 30 48
744 31 74 41
945 19 27 57
582 15 42 43
626 99 83 79
390 36 2 89
277 70 46 87
734 66 65 23
900 12 72 50
940 92 38 11
115 60 21 79
530 80 100 64
486 4 28 20
571 56 26 1
250 9 90 50
978 60 77 81
149 1 26 45
209 30 66 73
259 90 5 83
272 95 99 36
239 26 23 100
352 37 55 88
949 32 93 85
218 97 76 7
771 74 17 41
725 97 32 65
678 88 73 86
392 49 27 1
361 59 29 77
344 49 8 95
337 19 83 61
560 23 18 81
561 34 16 4
925 95 63 39
254 27 73 41
655 11 82 31
415 28 4 87
812 62 35 23
245 76 64 56
374 88 77 48
112 73 78 51
487 56 87 20
998 65 51 14
563 15 64 33
647 21 33 87
903 58 64 59
174 9 67 15
538 63 46 87
633 97 39 59
310 34 56 75
210 87 15 86
687 30 92 68
524 11 95 3
581 93 20 8
158 51 48 55
589 39 38 95
811 88 69 93
656 9 27 43
318 24 71 21
674 49 34 70
534 70 36 42
621 70 2 19
697 100 6 48
185 87 99 7
841 72 31 79
289 58 3 99
924 76 41 19
669 46 9 76
749 74 98 29
451 29 13 39
495 22 39 44
319 83 84 8
634 77 79 56
515 15 98 79
256 29 17 40
309 59 33 31
360 69 63 100
371 24 63 37
895 15 44 66
712 87 84 24
553 79 80 23
369 7 8 74
857 83 78 8
808 44 41 83
801 38 36 62
378 8 35 9
658 50 60 16
186 80 84 70
121 37 16 85
276 33 59 58
562 74 97 74
577 95 40 58
942 84 77 40
806 70 60 86
407 94 47 31
110 25 56 61
699 60 46 46
103 56 62 83
427 39 18 52
505 65 85 1
628 43 37 66
610 99 90 3
835 56 59 31
123 34 51 79
251 5 32 75
740 94 44 10
312 69 85 24
877 29 85 63
401 91 56 15
858 33 27 47
624 76 10 71
131 9 59 7
733 79 16 99
255 74 49 88
504 62 55 95
469 56 93 45
854 3 55 98
737 18 36 11
366 99 38 73
635 91 3 34
567 12 84 37
632 21 92 95
952 95 24 30
379 83 96 38
106 7 22 75
848 77 32 81
649 93 81 55
363 48 25 6
428 25 68 69
985 52 11 25
514 49 33 21
961 34 84 75
648 79 81 4
668 19 14 10
702 96 93 11
227 94 4 59
253 16 66 85
394 100 21 59
424 53 66 98
584 40 50 13
703 94 26 41
372 7 12 86
423 33 26 10
298 20 8 10
248 32 36 17
830 99 91 72
387 55 66 91
889 36 77 59
194 11 34 40
748 9 83 24
494 76 2 79
912 66 64 30
211 55 83 10
921 50 7 64
739 69 36 74
679 18 53 94
599 74 29 55
148 8 71 22
520 72 89 77
583 82 8 82
937 53 90 42
152 42 94 58
990 31 79 69
661 55 50 34
191 13 44 88
843 16 27 76
134 41 29 22
968 34 62 34
300 56 8 57
226 86 59 2
440 48 35 22
974 30 27 53
293 77 94 40
296 99 37 55
595 15 34 35
234 44 18 96
417 15 70 81
430 34 92 100
916 20 33 42
764 89 9 66
894 35 93 82
818 55 23 24
238 59 20 24
241 21 14 92
559 52 62 79
233 20 44 47
780 2 93 73
546 17 30 5
500 69 89 51
156 55 34 98
143 39 46 84
762 83 91 33
105 8 53 5
208 46 68 88
695 26 18 31
871 27 78 63
425 3 55 75
183 49 75 7
873 3 47 12
462 62 68 14
742 72 8 61
294 23 58 15
362 65 55 78
963 53 65 52
202 16 90 2
527 15 68 39
989 57 94 75
516 44 59 66
329 86 68 73
950 76 24 82
839 74 94 1
910 88 28 22
145 90 28 26
862 80 76 60
603 81 20 65
880 99 21 33
775 29 77 77
983 39 35 84
262 99 70 11
882 4 57 23
404 89 79 30
491 86 4 85
290 38 73 11
874 55 46 53
302 67 13 37
710 100 91 12
837 33 59 19
962 81 60 54
636 62 99 63
869 33 93 44
611 49 62 84
547 20 66 50
675 21 9 49
623 73 85 98
824 15 12 54
881 31 68 33
220 61 36 49
646 98 7 37
412 99 60 77
612 9 16 7
593 63 80 99
751 19 51 14
513 95 20 54
175 19 48 86
332 61 65 58
650 31 59 64
642 32 26 28
203 98 30 27
349 28 3 26
792 91 70 33
444 15 78 16
358 55 25 11
793 50 22 24
927 16 47 30
719 1 3 78
698 89 89 81
566 72 89 49
987 82 39 9
357 34 65 36
897 80 5 57
696 55 60 66
269 77 13 44
493 64 58 91
823 29 92 91
164 2 6 48
338 47 57 25
176 9 53 9
568 32 66 14
165 52 79 1
969 5 31 27
506 81 32 1
844 36 71 17
242 20 82 41
109 96 31 14
786 27 6 50
519 43 65 89
507 96 66 24
914 32 97 27
683 31 46 16
295 76 100 87
706 19 17 73
267 99 44 11
929 60 29 42
207 76 14 51
528 12 21 37
665 56 76 9
833 79 33 71
613 10 35 26
170 49 96 39
466 29 17 99
108 29 93 58
596 40 74 70
863 1 28 51
622 68 43 37
287 61 44 47
260 70 69 54
258 42 43 6
826 80 76 32
685 46 77 31
453 70 70 79
861 16 39 100
450 29 42 60
199 24 77 99
285 49 89 61
639 5 2 6
664 31 16 1
828 16 89 39
868 69 26 62
410 37 25 7
540 15 24 100
129 37 14 20
225 47 5 18
184 50 29 10
261 6 98 16
113 77 37 16
311 17 38 37
456 59 81 18
832 20 76 33
556 84 30 68
923 18 83 10
429 43 45 72
408 6 59 68
718 36 13 3
474 64 40 38
340 59 46 47
463 68 72 62
403 47 68 38
252 40 23 44
817 44 65 49
151 93 46 56
899 92 29 35
856 11 62 38
100 72 83 79
373 76 48 44
161 60 74 56
977 82 54 16
743 75 56 48
480 37 57 18
461 75 10 33
118 23 15 63
821 100 81 26
657 30 35 26
314 91 82 8
157 59 18 87
629 35 19 73
350 18 84 83
930 41 72 66
230 50 15 32
727 44 46 34
101 8 71 49
197 19 82 56
747 77 87 49
866 16 48 39
169 79 61 10
439 87 1 6
478 17 42 59
479 32 29 7
189 66 31 27
212 36 69 38
517 91 36 57
237 50 19 22
752 57 79 48
606 93 89 12
672 34 9 25
902 98 90 34
542 36 7 82
221 99 91 55
282 74 90 36
328 2 93 44
677 65 71 10
339 22 15 15
644 56 25 36
619 10 12 28
381 83 95 11
273 89 50 41
434 37 30 17
160 93 23 56
177 76 59 55
947 78 74 29
967 14 79 17
926 58 80 35
907 47 8 55
214 70 14 19
330 84 63 62
263 98 36 65
153 68 19 93
750 68 39 11
334 22 36 19
223 25 32 57
449 40 93 5
781 10 28 16
391 83 84 28
448 80 36 56
452 68 44 47
670 85 4 96
336 59 34 44
351 21 23 81
726 97 10 45
939 78 14 19
442 100 64 14
598 97 58 99
477 27 42 41
787 95 87 28
651 41 67 23
797 3 17 64
975 89 1 100
465 51 15 16
891 75 98 11
141 24 12 9
489 86 67 23
498 27 93 89
377 58 73 7
483 81 35 10
365 81 95 95
454 62 11 73
731 48 16 56
458 58 83 96
898 6 38 78
957 78 3 44
836 58 81 97
569 65 78 24
190 32 37 21
406 41 47 1
722 64 46 41
564 62 94 44
671 16 48 70
133 11 30 73
275 71 34 37
885 43 38 93
934 44 55 12
341 9 42 73
918 94 61 59
509 35 38 51
723 96 73 14
715 69 74 44
720 51 60 68
167 44 71 21
472 93 62 47
746 26 69 63
958 86 65 73
686 43 82 44
433 93 64 31
936 35 1 4
592 22 57 71
982 73 73 43
735 58 91 19
694 38 32 78
590 61 93 6
586 71 18 46
484 16 48 38
271 23 47 23
728 21 74 74
803 69 35 93
996 30 97 5
795 58 32 58
913 94 85 79
411 30 22 43
798 18 53 97
779 11 27 81
946 55 56 40
653 3 37 71
919 5 21 5
196 59 22 34
436 52 97 92
460 5 72 81
224 64 53 2
689 68 44 85
976 47 5 79
323 5 78 54
953 7 100 38
270 68 42 71
944 67 17 72
389 41 82 63
299 56 64 15
933 53 2 95
166 36 65 94
627 13 69 14
147 26 71 26
609 7 33 3
446 39 88 16
662 34 84 44
956 74 44 65
187 82 93 75
852 62 34 28
136 98 56 53
217 24 94 93
443 47 26 14
652 24 20 74
321 87 71 3
867 31 98 57
788 85 60 39
705 2 15 63
890 65 60 58
322 99 5 20
997 80 44 19
139 3 79 9
872 1 59 100
964 74 72 51
447 39 17 36
459 69 74 71
915 28 67 31
232 14 86 18
119 76 49 45
760 89 70 46
402 70 21 23
774 32 66 43
244 25 32 80
132 29 43 32
283 84 2 61
617 86 75 6
192 60 20 31
825 97 72 25
137 8 65 59
348 27 56 16
758 78 35 74
471 16 96 20
304 9 27 52
441 98 57 26
422 67 53 33
545 72 53 35
943 17 6 63
601 22 43 34
305 66 96 28
331 32 66 75
537 1 54 39
240 82 8 7
126 68 9 80
229 31 49 64
420 48 89 99
785 10 93 42
667 23 17 98
385 70 87 21
265 40 80 33
763 30 21 47
757 9 20 21
445 60 80 20
235 41 75 73
850 73 26 40
356 74 30 70
815 51 39 81
146 77 15 55
707 56 88 15
753 59 74 82
901 60 58 69
313 88 62 64
690 7 11 4
159 77 18 34
104 71 30 37
681 26 25 11
906 24 92 55
614 57 30 59
640 79 80 70
849 99 22 72
288 11 96 68
481 85 27 77
984 80 25 10
247 49 18 70
488 31 91 48
778 54 93 6
475 98 51 10
333 39 37 54
125 13 9 97
700 77 56 100
709 24 56 25
578 24 60 83
911 53 44 32
585 20 4 6
591 57 46 15
558 70 77 54
375 48 32 57
122 1 30 16
796 95 84 2
846 1 57 69
216 41 85 62
301 22 94 90
972 90 37 30
878 10 24 10
741 39 73 67
708 17 75 55
813 64 94 78
616 68 41 91
765 31 80 97
688 38 83 90
893 12 79 97
888 75 12 90
355 18 64 84
117 44 50 25
549 91 74 80
266 46 73 47
769 81 20 72
246 99 1 57
468 33 35 7
320 18 85 85
730 64 60 56
711 92 4 27
473 81 5 14
522 65 40 9
838 29 33 88
297 74 62 13
842 81 64 37
476 98 70 25
172 34 82 28
231 38 67 79
875 90 99 34
396 74 49 99
809 40 13 43
521 45 30 4
376 88 51 98
120 99 96 47
280 58 47 74
421 5 43 42
807 11 21 14
508 86 8 47
660 76 39 96
791 67 92 93
317 26 1 90
163 22 51 3
973 11 32 77
928 6 25 77
279 46 65 7
198 25 66 50
236 97 4 52
548 89 54 18
532 81 86 39
215 48 28 20
455 82 86 25
531 49 57 56
608 28 48 97
503 98 63 64
154 11 9 8
278 21 25 25
941 65 30 42
736 77 20 57
539 99 57 81
855 92 37 1
342 55 19 92
887 81 89 41